column,start,length
epa_handler_id,1,12
series_sequence_number,13,4
event_sequence_number,17,3
responsible_agency,20,1
activity_location,21,2
permit_event_owner,23,2
permit_event_code,25,7
actual_date_of_event,32,8
original_schedule_date_of_event,40,8
new_schedule_date_of_event,48,8
best_date,56,8
suborganization_owner,64,2
suborganization,66,10
responsible_person_owner,76,2
responsible_person,78,5
