column,start,length
event_epa_handler_id,1,12
series_sequence_number,13,4
permit_event_owner,17,2
event_sequence_number,19,3
event_responsible_agency,22,1
activity_location,23,2
permit_event_code,25,7
unit_detail_epa_handler_id,32,12
unit_sequence_number,44,4
unit_detail_sequence_number,48,3
