column,start,length
epa_handler_id,1,12
process_unit_sequence_number,13,4
process_unit_detail_sequence_number,17,3
process_status_effective_date,20,8
process_capacity,28,15
number_of_units,43,7
capacity_type,50,1
legal_operating_status_owner,51,2
legal_operating_status,53,4
unit_of_measure_owner,57,2
unit_of_measure,59,1
process_code_owner,60,2
process_code,62,3
commercial_status,65,1
standardized_permit_indicator,66,1
